SEPERATE=======2016-3-29============1459186887.280692924
0,0,14.5493
0,1,20.2936
1,6,64.2017
6,7,31.8533
7,8,53.8555
8,9,66.2575
9,12,14.7699
12,9,23.8689
9,8,90.7222
8,7,21.1094
7,6,19.0791
6,2,55.2062
2,3,17.1903
3,5,31.3498
5,4,41.0997
4,3,97.6314
3,10,106.835
10,11,10.8908
11,10,97.381
10,3,82.8912
3,2,25.2793
2,1,39.0078
1,13,68.9581
13,0,12.1707
SEPERATE=======2016-3-29============1459188343.923748443
0,0,33.0987
0,1,26.5576
1,6,154.067
SEPERATE=======2016-3-29============1459188714.385539058
0,0,16.9072
0,1,22.1381
1,6,130.755
6,7,49.5527
7,8,28.3268
8,9,74.8021
SEPERATE=======2016-3-29============1459189374.162666026
SEPERATE=======2016-3-29============1459189567.303311320
SEPERATE=======2016-3-30============1459306464.832223715
